# mtPaint layers
1
10
back.png
Background
1
0
0
1
0
100
letter1.png
Letter1
1
110
3
1
3
100
letter2.png
Letter2
1
141
24
1
4
100
letter3.png
Letter3
1
164
42
1
3
100
letter4.png
Letter4
1
176
67
1
4
100
letter5.png
Letter5
1
159
87
1
3
100
letter6.png
Letter6
1
131
100
1
4
100
letter7.png
Letter7
1
107
76
1
3
100
letter8.png
Letter8
1
90
52
1
4
100
border.png
Border
1
0
0
1
2
100
lid.png
Lid
1
75
36
0
0
100
# mtPaint animation
1
40
frames
email
10
2
1	1	9,10
1	40	1,2,3,4,5,6,7,8
0
5
1	90	-15	100	1
5	90	-15	100	1
15	165	40	100	1
25	110	95	100	1
35	88	40	100	1
5
1	90	-15	100	1
5	90	-15	100	1
15	165	40	100	1
25	110	95	100	1
35	88	40	100	1
5
1	90	-15	100	1
5	90	-15	100	1
15	165	40	100	1
25	110	95	100	1
35	88	40	100	1
5
1	90	-15	100	1
5	90	-15	100	1
15	165	40	100	1
25	110	95	100	1
35	88	40	100	1
5
1	90	-15	100	1
5	90	-15	100	1
15	165	40	100	1
25	110	95	100	1
35	88	40	100	1
5
1	90	-15	100	1
5	90	-15	100	1
15	165	40	100	1
25	110	95	100	1
35	88	40	100	1
5
1	90	-15	100	1
5	90	-15	100	1
15	165	40	100	1
25	110	95	100	1
35	88	40	100	1
5
1	90	-15	100	1
5	90	-15	100	1
15	165	40	100	1
25	110	95	100	1
35	88	40	100	1
1
1	0	0	100	0
1
1	75	36	100	0
